0 0.48984375 0.17890625 0.2578125 0.13984375
2 0.34609375 0.38125 0.0484375 0.059375
2 0.34609375 0.4640625 0.046875 0.059375
2 0.3453125 0.54375 0.0484375 0.059375
2 0.34609375 0.6234375 0.0453125 0.05859375
2 0.3484375 0.7015625 0.0453125 0.05703125
2 0.34921875 0.7828125 0.04375 0.0546875
2 0.3484375 0.878125 0.0515625 0.0640625
1 0.51796875 0.38046875 0.22265625 0.04453125
1 0.5171875 0.46171875 0.22265625 0.03984375
1 0.50703125 0.54140625 0.2546875 0.05078125
1 0.5109375 0.62265625 0.26171875 0.04765625
1 0.51328125 0.703125 0.26796875 0.04375
1 0.51796875 0.78359375 0.21796875 0.0421875