0 0.56640625 0.28046875 0.26328125 0.0484375
2 0.28658153846153844 0.37978662053056517 0.2887476923076923 0.33316262975778543 0.23541230769230773 0.33284544405997696 0.23563076923076923 0.37834717416378316 0.28658153846153844 0.37978662053056517
2 0.2867938461538462 0.4309976931949251 0.2867938461538462 0.38872318339100354 0.2322523076923077 0.3861476355247982 0.23434153846153846 0.4265190311418685 0.2867938461538462 0.4309976931949251
2 0.2842784615384616 0.4829123414071511 0.2878846153846154 0.44121222606689736 0.2322523076923077 0.4382664359861591 0.2320092307692308 0.481002306805075 0.2842784615384616 0.4829123414071511
2 0.28087076923076926 0.5365524798154555 0.28313076923076924 0.4925813148788928 0.2306723076923077 0.489199538638985 0.23222153846153842 0.5328304498269897 0.28087076923076926 0.5365524798154555
2 0.27854769230769233 0.5886412918108419 0.2805461538461539 0.548762399077278 0.2306723076923077 0.5436874279123415 0.23147692307692308 0.5833598615916955 0.27854769230769233 0.5886412918108419
2 0.25390625 0.61875 0.05234375 0.04375
2 0.25 0.6734375 0.0609375 0.0453125
2 0.246875 0.728125 0.0546875 0.0421875
2 0.24609375 0.78125 0.05625 0.04453125
1 0.446875 0.3546875 0.2328125 0.0328125
1 0.68125 0.3546875 0.20703125 0.03125
1 0.403125 0.40859375 0.16171875 0.028125
1 0.65859375 0.4078125 0.31015625 0.03828125
1 0.44765625 0.46015625 0.2453125 0.02734375
1 0.696875 0.46328125 0.21171875 0.02890625
1 0.4359375 0.51796875 0.23046875 0.04609375
1 0.4390625 0.5671875 0.2390625 0.0359375
1 0.5926215384615385 0.6477024221453287 0.5926215384615385 0.6165444059976932 0.3223092307692308 0.6064659746251443 0.32217538461538464 0.6381914648212226 0.5926215384615385 0.6477024221453287
1 0.4977369230769231 0.6979227220299886 0.4977369230769231 0.6680276816608997 0.31756923076923077 0.6597681660899654 0.3174953846153846 0.6912237600922723 0.4977369230769231 0.6979227220299886
1 0.8257061538461539 0.7121049596309111 0.8257061538461539 0.678712802768166 0.56088 0.6668754325259516 0.5602723076923077 0.7013552479815457 0.8257061538461539 0.7121049596309111
1 0.49645846153846157 0.7533471741637833 0.49645846153846157 0.7201753171856978 0.31440923076923083 0.7118858131487891 0.31275230769230766 0.7456286043829297 0.49645846153846157 0.7533471741637833
1 0.7727061538461539 0.7446782006920415 0.7732107692307693 0.7252710495963091 0.5861600000000001 0.7166239907727797 0.5861107692307692 0.736282583621684 0.7727061538461539 0.7446782006920415
1 0.8015907692307692 0.7755340253748558 0.8004123076923078 0.7489907727797 0.5861600000000001 0.7391303344867359 0.5824307692307692 0.7626689734717418 0.8015907692307692 0.7755340253748558