0 0.7473706624605678 0.09172311212814645 0.7295473186119874 0.005081235697940503 0.19873817034700314 0.09153318077803203 0.2141845425867508 0.1743524027459954 0.7473706624605678 0.09172311212814645
2 0.19922712933753944 0.3038844393592678 0.1927712933753943 0.2123844393592677 0.10094637223974763 0.2242562929061785 0.11018296529968452 0.31528032036613274 0.19922712933753944 0.3038844393592678
2 0.20909463722397476 0.4329153318077803 0.20160094637223974 0.3395652173913043 0.11671924290220818 0.34782608695652173 0.12319873817034702 0.43965102974828374 0.20909463722397476 0.4329153318077803
2 0.21034069400630914 0.5526155606407323 0.2040410094637224 0.47606864988558356 0.12302839116719241 0.4782608695652174 0.13426813880126182 0.556675057208238 0.21034069400630914 0.5526155606407323
2 0.22244637223974761 0.6906132723112128 0.21773186119873816 0.6052551487414188 0.12618296529968454 0.6064073226544622 0.13942744479495267 0.6888638443935926 0.22244637223974761 0.6906132723112128
2 0.23495110410094636 0.8173215102974829 0.23068454258675075 0.7299805491990847 0.1451104100946372 0.7254004576659039 0.16147634069400632 0.8132425629290617 0.23495110410094636 0.8173215102974829
2 0.2448832807570978 0.9399645308924486 0.2480378548895899 0.8633604118993136 0.14826498422712933 0.8558352402745996 0.14565615141955837 0.9326899313501145 0.2448832807570978 0.9399645308924486
1 0.26912302839116714 0.5551887871853547 0.9729700315457415 0.5330972540045766 0.9683028391167191 0.42895537757437063 0.2590236593059937 0.4641075514874141 0.26258832807570975 0.4737116704805492 0.26912302839116714 0.5551887871853547
1 0.9676041009463722 0.6694210526315789 0.9656214511041009 0.5978535469107551 0.2586750788643533 0.6109839816933638 0.26170820189274446 0.6711887871853547 0.9676041009463722 0.6694210526315789
1 0.9598091482649842 0.8494599542334095 0.9570788643533122 0.7533844393592677 0.26498422712933756 0.7368421052631579 0.2704668769716088 0.8152173913043479 0.9598091482649842 0.8494599542334095
1 0.9700299684542587 0.9958112128146454 0.9742145110410094 0.928837528604119 0.27760252365930593 0.8718535469107552 0.2778328075709779 0.9453615560640731 0.9700299684542587 0.9958112128146454