0 0.7337893617021276 0.08556818181818181 0.7294936170212767 0.02538038277511962 0.23933829787234046 0.030517942583732062 0.24862978723404253 0.09039832535885166 0.7337893617021276 0.08556818181818181
2 0.0796875 0.13046875 0.05625 0.03046875
2 0.08515625 0.2453125 0.0515625 0.03203125
2 0.09296875 0.359375 0.06171875 0.0359375
2 0.096875 0.47109375 0.05546875 0.0328125
2 0.1046875 0.58046875 0.05546875 0.03203125
2 0.109375 0.63828125 0.06015625 0.03125
2 0.11328125 0.79765625 0.05859375 0.03046875
2 0.11796875 0.9046875 0.0484375 0.03125
1 0.6798744680851063 0.14126674641148326 0.678468085106383 0.10544138755980861 0.11843617021276595 0.11374880382775118 0.1210872340425532 0.14757177033492824 0.6798744680851063 0.14126674641148326
1 0.7081148936170213 0.2558947368421053 0.7081148936170213 0.22371291866028709 0.1258382978723404 0.23027153110047846 0.1301808510638298 0.2613732057416268 0.7081148936170213 0.2558947368421053
1 0.12964893617021275 0.3186184210526316 0.9122085106382979 0.31102272727272723 0.9121510638297872 0.27738397129186604 0.1332404255319149 0.2843708133971292 0.13615744680851063 0.28682655502392346 0.12964893617021275 0.3186184210526316
1 0.13966808510638298 0.37438875598086124 0.6362021276595744 0.3734306220095694 0.6362021276595744 0.33823923444976073 0.14064255319148938 0.34124521531100477 0.1405446808510638 0.34516387559808615 0.13966808510638298 0.37438875598086124
1 0.9025872340425531 0.48410167464114834 0.9026723404255318 0.4471136363636363 0.13817446808510636 0.4522200956937799 0.14051063829787236 0.48840191387559806 0.9025872340425531 0.48410167464114834
1 0.6353340425531916 0.5930933014354067 0.6370553191489361 0.5602416267942585 0.14454893617021275 0.5644102870813397 0.1451063829787234 0.5971148325358852 0.6353340425531916 0.5930933014354067
1 0.8460234042553191 0.6484294258373205 0.8478765957446809 0.6120430622009569 0.15346382978723402 0.6161064593301436 0.1511191489361702 0.6506674641148325 0.8460234042553191 0.6484294258373205
1 0.543895744680851 0.7044952153110048 0.5415765957446809 0.6690574162679426 0.14804468085106384 0.672781100478469 0.1494978723404255 0.7052942583732057 0.543895744680851 0.7044952153110048
1 0.9077659574468084 0.7574485645933013 0.9083489361702126 0.7239102870813396 0.14557659574468088 0.7268803827751197 0.14652340425531912 0.758816985645933 0.9077659574468084 0.7574485645933013
1 0.15442340425531914 0.8130801435406699 0.4490936170212766 0.812645933014354 0.4491255319148936 0.7785610047846889 0.1554468085106383 0.7795933014354067 0.1538191489361702 0.7842296650717703 0.15442340425531914 0.8130801435406699
1 0.6446446808510637 0.866561004784689 0.6408659574468085 0.8289868421052631 0.15791489361702127 0.8309186602870813 0.1560744680851064 0.8685897129186602 0.6446446808510637 0.866561004784689
1 0.7603021276595745 0.9197511961722489 0.7623829787234042 0.8853193779904306 0.15791489361702127 0.8850191387559809 0.15602127659574466 0.9235741626794258 0.7603021276595745 0.9197511961722489
1 0.49101914893617016 0.972041866028708 0.49101914893617016 0.9378145933014354 0.16284893617021276 0.9391196172248805 0.16224680851063827 0.9756052631578948 0.49101914893617016 0.972041866028708