0 0.5856938271604938 0.15647777777777777 0.5890012345679012 0.11746203703703702 0.3097308641975308 0.05015555555555555 0.30865802469135806 0.09769814814814813 0.5856938271604938 0.15647777777777777
2 0.33365555555555554 0.15745185185185184 0.3340666666666666 0.11579907407407405 0.22995185185185182 0.0932712962962963 0.23214938271604937 0.1374074074074074 0.33365555555555554 0.15745185185185184
2 0.32798765432098764 0.21729166666666666 0.3278864197530864 0.17609907407407407 0.23699135802469135 0.15926574074074074 0.2376888888888889 0.2009296296296296 0.32798765432098764 0.21729166666666666
2 0.3331061728395061 0.2795574074074074 0.33224444444444445 0.235162037037037 0.23933827160493829 0.2199796296296296 0.24163456790123453 0.26562685185185186 0.3331061728395061 0.2795574074074074
2 0.33131851851851846 0.338787962962963 0.3301654320987654 0.2948722222222222 0.23229876543209876 0.2806944444444444 0.2344864197530864 0.32693333333333335 0.33131851851851846 0.338787962962963
2 0.32960987654320983 0.40312870370370374 0.32875432098765434 0.3593935185185185 0.2334716049382716 0.34580833333333333 0.2344506172839506 0.3917351851851852 0.32960987654320983 0.40312870370370374
2 0.32872962962962965 0.46789444444444445 0.32947777777777776 0.4227916666666666 0.23229876543209876 0.41268148148148154 0.23274938271604934 0.45918888888888887 0.32872962962962965 0.46789444444444445
2 0.3336617283950617 0.5372055555555556 0.3336617283950617 0.4915694444444444 0.22760617283950615 0.4839555555555555 0.22817777777777776 0.5306981481481481 0.3336617283950617 0.5372055555555556
2 0.3262185185185185 0.6064722222222222 0.32635432098765427 0.5602768518518519 0.22525925925925927 0.554349074074074 0.22779753086419752 0.6031592592592593 0.3262185185185185 0.6064722222222222
2 0.32700864197530866 0.6806574074074073 0.32736296296296297 0.627012037037037 0.22056666666666666 0.6247425925925925 0.22269629629629625 0.678987037037037 0.32700864197530866 0.6806574074074073
2 0.33035555555555557 0.7566203703703703 0.3290567901234568 0.7017009259259258 0.22525925925925927 0.7012953703703704 0.22942592592592592 0.7568129629629629 0.33035555555555557 0.7566203703703703
1 0.6612617283950616 0.22339907407407406 0.6606333333333334 0.17960740740740738 0.3431444444444444 0.11296018518518518 0.3433654320987654 0.1641212962962963 0.6612617283950616 0.22339907407407406
1 0.6662950617283949 0.27290000000000003 0.6643641975308642 0.2324611111111111 0.3452753086419753 0.17476944444444445 0.3462222222222222 0.21903148148148147 0.6662950617283949 0.27290000000000003
1 0.6583074074074073 0.32046574074074075 0.657920987654321 0.28707129629629624 0.35095925925925925 0.24137314814814811 0.3514382716049383 0.27660740740740736 0.6583074074074073 0.32046574074074075
1 0.6655395061728394 0.3798787037037037 0.6643802469135802 0.33627407407407406 0.3481172839506173 0.2930583333333333 0.34816296296296295 0.3450148148148148 0.6655395061728394 0.3798787037037037
1 0.6765234567901235 0.4323027777777778 0.6755938271604938 0.3951944444444444 0.3431444444444444 0.3623268518518518 0.3452617283950617 0.4042148148148148 0.6765234567901235 0.4323027777777778
1 0.6754617283950617 0.4877666666666666 0.6737617283950617 0.45004444444444436 0.3459864197530864 0.42360185185185184 0.3466901234567901 0.46815555555555555 0.6754617283950617 0.4877666666666666
1 0.677062962962963 0.5422064814814814 0.6761358024691357 0.5041074074074074 0.3466962962962963 0.4934037037037037 0.3485185185185185 0.5324962962962962 0.677062962962963 0.5422064814814814
1 0.6823913580246913 0.6620157407407408 0.6790876543209877 0.6222064814814814 0.3374604938271605 0.6276768518518517 0.3398111111111111 0.6743148148148148 0.6823913580246913 0.6620157407407408
1 0.6869345679012346 0.7264592592592592 0.6849543209876543 0.6853490740740741 0.3374604938271605 0.7017407407407407 0.3393851851851851 0.7458537037037037 0.6869345679012346 0.7264592592592592
1 0.6822530864197531 0.5991416666666666 0.682541975308642 0.5639722222222222 0.3480530864197531 0.564425 0.34857777777777776 0.602237037037037 0.6822530864197531 0.5991416666666666