0 0.53203125 0.128125 0.43046875 0.1359375
2 0.34296875 0.4375 0.078125 0.140625
2 0.3421875 0.840625 0.08203125 0.1421875
1 0.58515625 0.30546875 0.303125 0.04453125
1 0.54140625 0.3609375 0.1421875 0.04609375
1 0.58359375 0.415625 0.325 0.04140625
1 0.58046875 0.46953125 0.31875 0.03515625
1 0.61171875 0.52421875 0.2 0.03671875
1 0.61640625 0.5828125 0.246875 0.04609375
1 0.5796875 0.63828125 0.32421875 0.0390625
1 0.57109375 0.696875 0.29921875 0.03671875
1 0.58046875 0.75390625 0.3109375 0.040625
1 0.6421875 0.803125 0.1078125 0.0296875
1 0.57109375 0.86640625 0.30390625 0.04296875
1 0.58515625 0.92421875 0.34296875 0.040625