0 0.47528124999999993 0.10418359375 0.4755083333333333 0.03793671875 0.24208541666666666 0.00484140625 0.23996458333333334 0.0739703125 0.47528124999999993 0.10418359375
2 0.4815270833333333 0.2219421875 0.48328333333333334 0.1517984375 0.42284375 0.14283046875 0.422928125 0.21152031249999997 0.4815270833333333 0.2219421875
2 0.4925833333333333 0.32487187500000003 0.4937906249999999 0.25684453125 0.4292989583333333 0.25055859375 0.42903333333333327 0.32014296875000003 0.4925833333333333 0.32487187500000003
2 0.49046666666666666 0.42918828124999997 0.4908833333333333 0.35935390625 0.42607083333333334 0.35586640625 0.42781979166666667 0.4266953125 0.49046666666666666 0.42918828124999997
2 0.4907541666666667 0.5443085937500001 0.4889458333333333 0.47043125 0.42768541666666665 0.469646875 0.42960208333333333 0.54401875 0.4907541666666667 0.5443085937500001
2 0.27628749999999996 0.65841796875 0.2775802083333333 0.58830390625 0.20173854166666666 0.59068984375 0.20557604166666668 0.6630203125 0.27628749999999996 0.65841796875
2 0.28095 0.77338046875 0.28148958333333335 0.6982859375 0.20658020833333332 0.706890625 0.2072708333333333 0.78010390625 0.28095 0.77338046875
2 0.2726770833333333 0.88314296875 0.2708614583333333 0.8115140625 0.211421875 0.8182499999999999 0.21371041666666665 0.891803125 0.2726770833333333 0.88314296875
2 0.29152395833333333 0.9897046875 0.2895479166666667 0.92068828125 0.20173854166666666 0.93324140625 0.20422395833333332 0.99921875 0.29152395833333333 0.9897046875
1 0.8221510416666666 0.25515859375 0.8223697916666666 0.20316718749999998 0.49576562499999993 0.16307109375 0.495034375 0.22150937499999998 0.8221510416666666 0.25515859375
1 0.74220625 0.29098515625 0.74220625 0.27621953125 0.6806145833333332 0.27036953124999996 0.6812677083333334 0.28561328124999996 0.74220625 0.29098515625
1 0.7848822916666667 0.31145625 0.7848822916666667 0.29512734375 0.6813229166666667 0.2873671875 0.68083125 0.303209375 0.7848822916666667 0.31145625
1 0.7777645833333333 0.32561796875 0.7778864583333333 0.31284296875 0.6813229166666667 0.3048953125 0.6810270833333332 0.3181953125 0.7777645833333333 0.32561796875
1 0.7831604166666666 0.34336484375 0.7833625 0.32759062499999997 0.68203125 0.3203 0.6815052083333333 0.33624765624999997 0.7831604166666666 0.34336484375
1 0.7528791666666667 0.38530859375 0.7530354166666666 0.37039296875 0.6834479166666666 0.3665125 0.68396875 0.381709375 0.7528791666666667 0.38530859375
1 0.798815625 0.40388671875000004 0.7988666666666667 0.39006171875 0.6841562499999999 0.385103125 0.683934375 0.39962109375 0.798815625 0.40388671875000004
1 0.7529572916666667 0.41907890625000005 0.7532239583333333 0.40506796874999995 0.6841562499999999 0.40210078125 0.6844864583333333 0.41681640625 0.7529572916666667 0.41907890625000005
1 0.8096593750000001 0.43648125000000004 0.8093031249999999 0.42248046875 0.6841562499999999 0.41856796875 0.6836302083333333 0.43320781249999996 0.8096593750000001 0.43648125000000004
1 0.7587395833333332 0.47848828125000004 0.7587395833333332 0.463434375 0.6834479166666666 0.46318671875 0.6844989583333334 0.47811484374999996 0.7587395833333332 0.47848828125000004
1 0.8122770833333333 0.49093125000000004 0.811734375 0.47978437500000004 0.6841562499999999 0.480184375 0.6840927083333334 0.49237578125 0.8122770833333333 0.49093125000000004
1 0.8147656249999999 0.506759375 0.81438125 0.49395 0.6834479166666666 0.49558828125 0.6828552083333334 0.5091890625 0.8147656249999999 0.506759375
1 0.8058958333333333 0.52288203125 0.8057239583333333 0.50981953125 0.6834479166666666 0.5125859375 0.68325625 0.5255124999999999 0.8058958333333333 0.52288203125
1 0.8010874999999998 0.53943046875 0.8010874999999998 0.525471875 0.6827395833333332 0.52905234375 0.682790625 0.5427570312500001 0.8010874999999998 0.53943046875
1 0.5284114583333333 0.5896625 0.59566875 0.58674453125 0.59566875 0.57130625 0.5290520833333333 0.57420234375 0.5286593749999999 0.575090625 0.5284114583333333 0.5896625
1 0.6136208333333333 0.60456875 0.6129416666666666 0.58934375 0.5290520833333333 0.593325 0.528328125 0.6096179687500001 0.6136208333333333 0.60456875
1 0.6072458333333334 0.6240851562499999 0.606721875 0.60962890625 0.5276364583333333 0.614040625 0.5273864583333333 0.628759375 0.6072458333333334 0.6240851562499999
1 0.6444656249999999 0.6396507812500001 0.6438614583333333 0.6263859375 0.5276364583333333 0.63316328125 0.5269593749999999 0.6479265625 0.6444656249999999 0.6396507812500001
1 0.7017479166666666 0.5812671875000001 0.7017479166666666 0.5668968750000001 0.6494520833333334 0.569953125 0.6491958333333333 0.5839140625 0.7017479166666666 0.5812671875000001
1 0.6856489583333333 0.60029765625 0.685465625 0.5857249999999999 0.6501604166666667 0.58695078125 0.6498708333333333 0.6018656250000001 0.6856489583333333 0.60029765625
1 0.7326291666666667 0.61635234375 0.7328 0.60196015625 0.65299375 0.6060734375 0.6524614583333334 0.62049140625 0.7326291666666667 0.61635234375
1 0.696196875 0.63556796875 0.696196875 0.622290625 0.6508687499999999 0.6251953125 0.65078125 0.63914375 0.696196875 0.63556796875
1 0.8082427083333332 0.57717109375 0.8082427083333332 0.56326875 0.7365656249999999 0.56570390625 0.7368645833333333 0.5805875 0.8082427083333332 0.57717109375
1 0.8262062499999999 0.59364765625 0.8256947916666666 0.57986953125 0.738690625 0.5837640625 0.7387291666666667 0.59839375 0.8262062499999999 0.59364765625
1 0.6325031249999999 0.6859296875 0.6328885416666666 0.67005546875 0.5432166666666667 0.6772507812499999 0.5436 0.6942375000000001 0.6325031249999999 0.6859296875
1 0.6327958333333333 0.70261328125 0.6334427083333333 0.6885328125 0.5446333333333333 0.6969046875 0.5453875 0.71083515625 0.6327958333333333 0.70261328125
1 0.5985385416666666 0.72281640625 0.5984447916666665 0.70958515625 0.5460499999999999 0.71390234375 0.5460593749999999 0.72868046875 0.5985385416666666 0.72281640625
1 0.6168041666666666 0.74094375 0.6166645833333334 0.72461953125 0.5467583333333333 0.7319617187499999 0.5468708333333333 0.7474164062499999 0.6168041666666666 0.74094375
1 0.730675 0.67564453125 0.7304927083333334 0.66126640625 0.6522854166666666 0.6676898437500001 0.6533885416666667 0.68322890625 0.730675 0.67564453125
1 0.7565791666666667 0.69081640625 0.7563958333333333 0.67610703125 0.65299375 0.68681171875 0.6531218749999999 0.7008296875 0.7565791666666667 0.69081640625
1 0.7150875 0.71232890625 0.7155322916666667 0.69807734375 0.6537020833333334 0.703809375 0.6534541666666667 0.71818828125 0.7150875 0.71232890625
1 0.5993614583333333 0.7860546875 0.5993614583333333 0.77117734375 0.53046875 0.77923671875 0.5309760416666667 0.79479296875 0.5993614583333333 0.7860546875
1 0.6464385416666667 0.8002156250000001 0.6459656249999999 0.78246640625 0.5297604166666666 0.797828125 0.5293916666666666 0.8152874999999999 0.6464385416666667 0.8002156250000001
1 0.5610635416666666 0.8269343750000001 0.5608739583333333 0.8131125000000001 0.5290520833333333 0.8174812499999999 0.5295489583333334 0.8310000000000001 0.5610635416666666 0.8269343750000001
1 0.6284083333333333 0.8361062499999999 0.627965625 0.8213171875 0.5290520833333333 0.8350101562500001 0.5294572916666667 0.851028125 0.6284083333333333 0.8361062499999999
1 0.7557562499999999 0.7658945312500001 0.7555083333333333 0.74931640625 0.6508687499999999 0.7633015624999999 0.6516854166666667 0.7789007812500001 0.7557562499999999 0.7658945312500001
1 0.743115625 0.7824984374999999 0.743115625 0.77047421875 0.6522854166666666 0.78242421875 0.6524052083333333 0.795196875 0.743115625 0.7824984374999999
1 0.7151989583333334 0.8065101562500001 0.7155468749999999 0.79237890625 0.6515770833333333 0.8004835937499999 0.6517541666666666 0.815096875 0.7151989583333334 0.8065101562500001
1 0.8296697916666667 0.7533921875 0.8296697916666667 0.73933515625 0.7599374999999999 0.749490625 0.7606677083333333 0.761821875 0.8296697916666667 0.7533921875
1 0.8168010416666667 0.7725046875 0.8165791666666667 0.7581445312499999 0.7606458333333334 0.7654265625 0.7608083333333333 0.78000859375 0.8168010416666667 0.7725046875
1 0.816540625 0.790396875 0.8161052083333333 0.7771765625 0.7592291666666666 0.7845484375 0.7597124999999999 0.7986078125 0.816540625 0.790396875
1 0.8163645833333334 0.88491796875 0.8162541666666666 0.8411242187499999 0.3881135416666667 0.91574921875 0.3905833333333333 0.96708359375 0.8163645833333334 0.88491796875