1 0.50859375 0.16796875 0.00234375 0.00078125
0 0.5296875 0.1375 0.17734375 0.03125
2 0.303125 0.23984375 0.04140625 0.03046875
2 0.3015625 0.3109375 0.03828125 0.028125
2 0.30390625 0.38515625 0.0421875 0.02890625
2 0.30546875 0.45390625 0.0390625 0.0328125
2 0.3046875 0.52421875 0.03203125 0.03359375
2 0.3015625 0.596875 0.03515625 0.0265625
2 0.3015625 0.66875 0.03515625 0.02890625
2 0.303125 0.7390625 0.03125 0.03203125
1 0.44765625 0.225 0.21015625 0.03671875
1 0.43828125 0.2984375 0.18203125 0.03671875
1 0.6625 0.29765625 0.21875 0.03515625
1 0.44609375 0.37578125 0.2125 0.0390625
1 0.6625 0.3765625 0.2125 0.0359375
1 0.434375 0.43984375 0.18359375 0.025
1 0.6171875 0.4234375 0.12890625 0.01796875
1 0.6140625 0.4390625 0.11875 0.01484375
1 0.65625 0.45390625 0.203125 0.015625
1 0.4328125 0.509375 0.18671875 0.01875
1 0.434375 0.5296875 0.18828125 0.0171875
1 0.43125 0.58046875 0.18046875 0.02109375
1 0.646875 0.58046875 0.19375 0.025
1 0.43203125 0.65078125 0.18203125 0.0203125
1 0.6515625 0.67421875 0.1953125 0.021875
1 0.45078125 0.725 0.225 0.02421875
1 0.7374958333333332 0.661762890625 0.7374958333333332 0.64762109375 0.5528203125 0.646007421875 0.5518140624999999 0.6599828125 0.7374958333333332 0.661762890625
1 0.7658479166666667 0.6485046875 0.7658479166666667 0.625198046875 0.5528203125 0.6230484374999999 0.5502916666666666 0.6459734375 0.7658479166666667 0.6485046875