2 0.41171875 0.27265625 0.0171875 0.0296875
2 0.41328125 0.3515625 0.01953125 0.02578125
2 0.4140625 0.425 0.01875 0.02578125
2 0.41484375 0.48203125 0.0140625 0.0234375
2 0.415625 0.53984375 0.0171875 0.0234375
2 0.41640625 0.5953125 0.0125 0.0234375
2 0.41640625 0.67890625 0.015625 0.01875
2 0.4171875 0.70625 0.01484375 0.01953125
2 0.41640625 0.7796875 0.015625 0.02265625
1 0.4514866071428571 0.5584603174603175 0.5092638888888887 0.5618174603174603 0.5892495039682539 0.5663088624338625 0.6152247023809523 0.5673558201058201 0.6163973214285714 0.5349695767195767 0.4693640873015873 0.5292089947089946 0.42808432539682534 0.5277982804232804 0.42612202380952374 0.5577923280423279 0.4514866071428571 0.5584603174603175
1 0.5330372023809524 0.5841501322751322 0.5332336309523809 0.5636560846560846 0.4269880952380952 0.5578492063492063 0.42460416666666656 0.5771541005291005 0.5330372023809524 0.5841501322751322
1 0.6201160714285714 0.6328829365079365 0.6211582341269841 0.6094960317460317 0.4263740079365079 0.5930734126984126 0.4242956349206349 0.6165859788359789 0.6201160714285714 0.6328829365079365
1 0.6172073412698412 0.6609239417989418 0.6186671626984126 0.6368968253968255 0.42391666666666666 0.6192863756613757 0.4206458333333333 0.6404027777777778 0.6172073412698412 0.6609239417989418
1 0.610171626984127 0.7099239417989417 0.6115654761904762 0.6871124338624338 0.42760267857142853 0.6700747354497354 0.4260749007936508 0.6883835978835979 0.610171626984127 0.7099239417989417
1 0.6144925595238095 0.7484041005291004 0.6156805555555555 0.7176984126984127 0.4269880952380952 0.6946494708994708 0.4230585317460317 0.7216964285714285 0.6144925595238095 0.7484041005291004
1 0.5346006944444445 0.7604900793650794 0.5362564484126985 0.7387757936507936 0.4269880952380952 0.7225013227513227 0.42499503968253965 0.7422433862433861 0.5346006944444445 0.7604900793650794
1 0.546141369047619 0.7810535714285713 0.5467876984126984 0.7619656084656085 0.4269880952380952 0.7446183862433863 0.4238015873015873 0.7639206349206349 0.546141369047619 0.7810535714285713
1 0.5332242063492063 0.8060026455026454 0.5352896825396825 0.786875 0.4288313492063492 0.7708313492063492 0.4286512896825396 0.7887698412698412 0.5332242063492063 0.8060026455026454
1 0.6137088293650794 0.8439761904761905 0.6151240079365079 0.8182757936507936 0.4288313492063492 0.7888531746031746 0.4242862103174603 0.8119695767195767 0.6137088293650794 0.8439761904761905
0 0.5810982142857142 0.2245787037037037 0.5798571428571428 0.18452248677248675 0.43753571428571425 0.19675066137566138 0.43569394841269843 0.23480621693121692 0.5810982142857142 0.2245787037037037
1 0.5474518849206349 0.27764351851851854 0.5475684523809523 0.2529451058201058 0.4244191468253968 0.2610846560846561 0.42460416666666656 0.2840152116402116 0.5474518849206349 0.27764351851851854
1 0.570484623015873 0.29740211640211645 0.5701011904761905 0.27641865079365074 0.42535565476190473 0.28669378306878307 0.4242390873015872 0.3054417989417989 0.570484623015873 0.29740211640211645
1 0.5407271825396825 0.31481216931216927 0.5407123015873015 0.2991818783068783 0.4244191468253968 0.30730555555555555 0.42408730158730157 0.319537037037037 0.5407271825396825 0.31481216931216927
1 0.5747068452380952 0.3263108465608465 0.5752514880952381 0.3107784391534391 0.4234821428571428 0.3191732804232804 0.423453373015873 0.32986243386243386 0.5747068452380952 0.3263108465608465
1 0.5432167658730158 0.35360185185185183 0.5428541666666666 0.33268915343915345 0.4248874007936507 0.336662037037037 0.42414236111111114 0.35424404761904754 0.5432167658730158 0.35360185185185183
1 0.5889345238095237 0.3717996031746031 0.5888015873015873 0.3510886243386243 0.4248874007936507 0.35602447089947087 0.422375 0.3723207671957672 0.5889345238095237 0.3717996031746031
1 0.5719206349206349 0.3908326719576719 0.5727698412698412 0.370755291005291 0.4244191468253968 0.37351388888888887 0.421048115079365 0.39166600529100526 0.5719206349206349 0.3908326719576719
1 0.6159583333333333 0.4428472222222222 0.6163100198412698 0.41187367724867724 0.42582440476190475 0.41223941798941804 0.42412748015873014 0.4426838624338624 0.6159583333333333 0.4428472222222222
1 0.5308020833333333 0.464292328042328 0.5310848214285714 0.44343055555555555 0.42582440476190475 0.4434695767195767 0.42562202380952374 0.4636679894179895 0.5308020833333333 0.464292328042328
1 0.613860615079365 0.5051785714285714 0.6147127976190475 0.473486111111111 0.42582440476190475 0.4703273809523809 0.42380257936507937 0.49969510582010573 0.613860615079365 0.5051785714285714
1 0.5630858134920634 0.5257579365079365 0.5632068452380952 0.5040066137566137 0.42582440476190475 0.5021825396825397 0.42433531746031744 0.5215787037037036 0.5630858134920634 0.5257579365079365