0 0.6703125 0.784375 0.1625 0.0234375
2 0.31484375 0.17890625 0.04375 0.04609375
2 0.31484375 0.2609375 0.04609375 0.04453125
2 0.3203125 0.34140625 0.04765625 0.0484375
2 0.32265625 0.42265625 0.04375 0.04765625
2 0.32890625 0.5015625 0.0578125 0.046875
2 0.328125 0.57890625 0.04765625 0.04765625
2 0.3296875 0.6578125 0.053125 0.0484375
2 0.3328125 0.734375 0.04375 0.046875
1 0.3863229166666667 0.7534984375 0.5713104166666666 0.7528703125 0.5713104166666666 0.73109375 0.38666875 0.731840625 0.3858416666666667 0.7341921874999999 0.3863229166666667 0.7534984375
1 0.7133416666666667 0.1531578125 0.7122729166666667 0.1345859375 0.37515624999999997 0.14104375 0.373125 0.1575046875 0.7133416666666667 0.1531578125
1 0.5429229166666667 0.18585625 0.5419041666666666 0.169846875 0.377075 0.173425 0.3723958333333333 0.1893125 0.5429229166666667 0.18585625
1 0.6715812499999999 0.1988625 0.6712374999999999 0.1835328125 0.37515624999999997 0.18925625 0.3734645833333333 0.20363906250000002 0.6715812499999999 0.1988625
1 0.3716645833333333 0.2235484375 0.5961229166666666 0.220003125 0.59790625 0.20495468749999998 0.3718541666666667 0.210165625 0.369275 0.216053125 0.3716645833333333 0.2235484375
1 0.48575625 0.23733437500000001 0.4858895833333333 0.22293124999999997 0.37227708333333337 0.2237984375 0.3730583333333334 0.23903124999999997 0.48575625 0.23733437500000001
1 0.5019520833333333 0.2545515625 0.5007541666666666 0.23885625 0.37419583333333334 0.2403484375 0.3726395833333333 0.2566046875 0.5019520833333333 0.2545515625
1 0.6198874999999999 0.26965625000000004 0.6201604166666667 0.25331875 0.37515624999999997 0.25761875 0.37506458333333337 0.272171875 0.6198874999999999 0.26965625000000004
1 0.5048520833333333 0.28513125 0.5041541666666667 0.27108750000000004 0.377075 0.27345156249999997 0.37591874999999997 0.286553125 0.5048520833333333 0.28513125
1 0.7069104166666667 0.3614734375 0.7061062499999999 0.3441234375 0.3809125 0.349009375 0.37888958333333334 0.365521875 0.7069104166666667 0.3614734375
1 0.6017083333333333 0.3854984375 0.6017083333333333 0.371896875 0.37899374999999996 0.37419531250000004 0.3779583333333333 0.388490625 0.6017083333333333 0.3854984375
1 0.6369875 0.399896875 0.6370145833333333 0.38584687500000003 0.37803333333333333 0.3893078125 0.3794270833333333 0.40312656249999995 0.6369875 0.399896875
1 0.6379333333333334 0.4158875 0.6374270833333332 0.40142656250000003 0.38283124999999996 0.4037 0.38342291666666667 0.41777968750000005 0.6379333333333334 0.4158875
1 0.6394270833333333 0.428965625 0.6394375 0.41645468750000003 0.38283124999999996 0.4180921875 0.379725 0.432715625 0.6394270833333333 0.428965625
1 0.56083125 0.44615 0.5614041666666666 0.43154062499999996 0.3818708333333333 0.433203125 0.3813791666666667 0.4470328125 0.56083125 0.44615
1 0.6763583333333333 0.4658609375 0.6766062500000001 0.45089687500000003 0.38379166666666664 0.4547921875 0.3819354166666667 0.46900312499999997 0.6763583333333333 0.4658609375
1 0.61564375 0.48195781249999997 0.6154145833333333 0.467153125 0.38379166666666664 0.469903125 0.3852749999999999 0.4837359375 0.61564375 0.48195781249999997
1 0.5643333333333332 0.4990953125 0.5633770833333334 0.48304843750000004 0.38475000000000004 0.4842953125 0.38228541666666666 0.49998437500000004 0.5643333333333332 0.4990953125
1 0.5311 0.52466875 0.5311 0.50966875 0.38379166666666664 0.510921875 0.3821645833333333 0.526134375 0.5311 0.52466875
1 0.46565416666666665 0.5463828125 0.46565416666666665 0.5330453125 0.38379166666666664 0.5332296875 0.38225625 0.54730625 0.46565416666666665 0.5463828125
1 0.5354666666666666 0.5574234375 0.5339020833333333 0.5453125 0.3818708333333333 0.5461828125 0.3817895833333333 0.55893125 0.5354666666666666 0.5574234375
1 0.56889375 0.572546875 0.5680666666666667 0.55791875 0.38379166666666664 0.5598546875 0.3821583333333333 0.5737687499999999 0.56889375 0.572546875
1 0.7040145833333333 0.5882203125000001 0.7029458333333333 0.5726359375000001 0.38475000000000004 0.574965625 0.3856 0.5892046875 0.7040145833333333 0.5882203125000001
1 0.6016874999999999 0.60284375 0.6010791666666666 0.587490625 0.38666875 0.5893578125000001 0.38382499999999997 0.6037046875 0.6016874999999999 0.60284375
1 0.6608291666666666 0.6393921875 0.6603333333333332 0.622296875 0.3857104166666666 0.62461875 0.38284375 0.6409328125 0.6608291666666666 0.6393921875
1 0.586575 0.6531109374999999 0.5855416666666666 0.6383515625 0.38379166666666664 0.64045 0.382 0.6547890625 0.586575 0.6531109374999999
1 0.578875 0.6678953125 0.5800291666666666 0.6536390625 0.3863875 0.654684375 0.38416666666666666 0.6690968749999999 0.578875 0.6678953125
1 0.5947291666666666 0.68179375 0.5943791666666667 0.66808125 0.38666875 0.669234375 0.3835375 0.6822874999999999 0.5947291666666666 0.68179375