0 0.6328828571428571 0.20009803921568628 0.6332471428571429 0.13326666666666664 0.2641485714285714 0.1721294117647059 0.26529142857142857 0.23337843137254902 0.6328828571428571 0.20009803921568628
2 0.15787285714285712 0.3070862745098039 0.15535142857142856 0.26616470588235297 0.12142857142857141 0.26715686274509803 0.12222142857142856 0.310656862745098 0.15787285714285712 0.3070862745098039
2 0.15903714285714282 0.38937058823529413 0.15878857142857145 0.34231176470588237 0.1229842857142857 0.3415921568627451 0.12109714285714286 0.3892627450980392 0.15903714285714282 0.38937058823529413
2 0.11969428571428571 0.42501372549019606 0.12180428571428573 0.4695176470588235 0.16017714285714285 0.469478431372549 0.16017714285714285 0.42158039215686277 0.12007999999999999 0.4226705882352942 0.12104857142857142 0.4250627450980392 0.11969428571428571 0.42501372549019606
2 0.11659571428571429 0.5513470588235294 0.16151 0.5529176470588235 0.16151 0.5008019607843137 0.11832142857142858 0.49932549019607847 0.11818428571428571 0.5035647058823529 0.11659571428571429 0.5513470588235294
2 0.15919142857142857 0.6294039215686273 0.15919142857142857 0.5812627450980392 0.12104857142857142 0.5795117647058823 0.12025 0.6277254901960785 0.15919142857142857 0.6294039215686273
2 0.15897571428571428 0.705278431372549 0.16070714285714285 0.6602529411764706 0.12104857142857142 0.6579313725490196 0.11937285714285714 0.7044294117647059 0.15897571428571428 0.705278431372549
2 0.15524142857142856 0.7870313725490197 0.15746142857142859 0.7387568627450981 0.12007999999999999 0.7363529411764707 0.11835714285714286 0.7839882352941177 0.15524142857142856 0.7870313725490197
1 0.42851999999999996 0.310343137254902 0.42739142857142853 0.25749999999999995 0.25371714285714286 0.2698176470588235 0.25514857142857145 0.31991764705882353 0.42851999999999996 0.310343137254902
1 0.7161614285714285 0.2854686274509804 0.7156685714285714 0.23753529411764704 0.6526914285714286 0.24323529411764705 0.6534642857142857 0.2893039215686274 0.7161614285714285 0.2854686274509804
1 0.3743728571428571 0.3887176470588235 0.37412285714285715 0.34709803921568627 0.3050414285714286 0.3508960784313725 0.3061785714285714 0.3897666666666667 0.3743728571428571 0.3887176470588235
1 0.7731057142857142 0.3842980392156862 0.7728685714285715 0.33153529411764704 0.5965242857142857 0.33893529411764706 0.5932357142857143 0.389735294117647 0.7731057142857142 0.3842980392156862
1 0.4614571428571428 0.47933137254901964 0.46130571428571426 0.4286882352941176 0.22853857142857142 0.4319764705882353 0.22827857142857141 0.47699607843137254 0.4614571428571428 0.47933137254901964
1 0.8035642857142857 0.47197843137254897 0.8035642857142857 0.42266666666666663 0.5887785714285714 0.42532941176470584 0.58994 0.4738921568627451 0.8035642857142857 0.47197843137254897
1 0.4031571428571429 0.5589999999999999 0.40445714285714285 0.5116843137254902 0.27695857142857144 0.5117254901960784 0.2767642857142857 0.5551686274509804 0.4031571428571429 0.5589999999999999
1 0.8057699999999999 0.5700019607843138 0.8059657142857143 0.5156019607843138 0.5819985714285714 0.5157117647058823 0.5788028571428571 0.5637568627450981 0.8057699999999999 0.5700019607843138
1 0.2737585714285714 0.635586274509804 0.41185857142857135 0.6456882352941176 0.4123271428571429 0.5993098039215686 0.27695857142857144 0.5914745098039216 0.2759042857142857 0.5938764705882353 0.2737585714285714 0.635586274509804
1 0.5819057142857142 0.6546529411764705 0.7971614285714286 0.6673960784313726 0.7975742857142858 0.6149431372549019 0.5868414285714285 0.6034372549019608 0.5852614285714285 0.6063980392156862 0.5819057142857142 0.6546529411764705
1 0.4169899999999999 0.7278490196078431 0.4181614285714286 0.680770588235294 0.2643685714285714 0.6698941176470589 0.26296285714285716 0.7155980392156862 0.4169899999999999 0.7278490196078431
1 0.7914385714285713 0.7638862745098038 0.79314 0.7057078431372549 0.5878099999999999 0.6938196078431373 0.5815414285714285 0.7470490196078432 0.7914385714285713 0.7638862745098038
1 0.43120571428571425 0.8142843137254901 0.4325457142857142 0.7660372549019607 0.25952714285714285 0.7523019607843137 0.25788285714285714 0.7957960784313725 0.43120571428571425 0.8142843137254901
1 0.75629 0.8516313725490197 0.7556071428571427 0.7995039215686275 0.6187971428571428 0.7855313725490196 0.6185314285714285 0.8333549019607844 0.75629 0.8516313725490197