0 0.5171875 0.09765625 0.2359375 0.0546875
2 0.34765625 0.15234375 0.02421875 0.02265625
2 0.34765625 0.18828125 0.021875 0.02109375
2 0.346875 0.2234375 0.0234375 0.0203125
2 0.34765625 0.259375 0.0234375 0.0234375
2 0.34765625 0.29453125 0.0234375 0.01953125
2 0.34609375 0.3296875 0.02421875 0.0203125
2 0.3453125 0.365625 0.025 0.01875
2 0.346875 0.40078125 0.01875 0.0203125
2 0.346875 0.43671875 0.01953125 0.02109375
2 0.34609375 0.47265625 0.0203125 0.02109375
2 0.34609375 0.50703125 0.02421875 0.0203125
2 0.3453125 0.54375 0.021875 0.0203125
2 0.3453125 0.57890625 0.0203125 0.01953125
2 0.34453125 0.615625 0.01875 0.01953125
1 0.5442842857142857 0.16813333333333333 0.5443085714285714 0.14585238095238098 0.3706021428571428 0.14131904761904762 0.3703978571428571 0.16424476190476192 0.5442842857142857 0.16813333333333333
1 0.5445128571428571 0.20443523809523811 0.5445599999999999 0.18173047619047622 0.3720442857142857 0.1778504761904762 0.37104928571428575 0.20035714285714284 0.5445128571428571 0.20443523809523811
1 0.46650785714285714 0.23739238095238097 0.46650785714285714 0.2164914285714286 0.37276499999999996 0.2143819047619048 0.3726507142857143 0.2351314285714286 0.46650785714285714 0.23739238095238097
1 0.48529142857142854 0.262392380952381 0.4844557142857143 0.24755047619047624 0.37062928571428566 0.24543238095238099 0.37093499999999996 0.25960952380952385 0.48529142857142854 0.262392380952381
1 0.5406628571428571 0.27822952380952387 0.5407864285714286 0.26530476190476193 0.3713735714285714 0.26097904761904767 0.3716164285714286 0.2741342857142858 0.5406628571428571 0.27822952380952387
1 0.5735357142857143 0.26464857142857146 0.5736635714285714 0.25036761904761906 0.4909478571428571 0.24907142857142855 0.49066785714285704 0.26213523809523814 0.5735357142857143 0.26464857142857146
1 0.4454028571428571 0.29618476190476195 0.4455271428571429 0.2833 0.3717357142857142 0.2815133333333334 0.3714321428571429 0.29518095238095243 0.4454028571428571 0.29618476190476195
1 0.47633428571428577 0.3114742857142857 0.47608999999999996 0.29762666666666665 0.372 0.2963304761904762 0.37154857142857145 0.30954476190476193 0.47633428571428577 0.3114742857142857
1 0.4946357142857143 0.3436428571428572 0.4947571428571428 0.3221847619047619 0.37120642857142855 0.3203190476190476 0.37094499999999997 0.3407066666666667 0.4946357142857143 0.3436428571428572
1 0.6228271428571428 0.38308857142857144 0.6227007142857143 0.3600571428571429 0.370225 0.35506952380952383 0.37012857142857136 0.375492380952381 0.6228271428571428 0.38308857142857144
1 0.5993978571428571 0.41557142857142865 0.5993978571428571 0.3955561904761905 0.369575 0.39144190476190477 0.36920714285714284 0.41226095238095245 0.5993978571428571 0.41557142857142865
1 0.43310571428571426 0.43791047619047624 0.4334321428571428 0.4239304761904762 0.3699514285714286 0.4228019047619048 0.3701321428571428 0.4374542857142858 0.43310571428571426 0.43791047619047624
1 0.5808642857142857 0.44209047619047626 0.5809442857142857 0.42743714285714296 0.4387871428571429 0.4241066666666667 0.4390414285714286 0.4389390476190477 0.5808642857142857 0.44209047619047626
1 0.45159071428571423 0.45305904761904764 0.4512585714285714 0.4404533333333334 0.37027785714285716 0.43889619047619055 0.3697235714285715 0.45209809523809524 0.45159071428571423 0.45305904761904764
1 0.5404971428571429 0.4542180952380953 0.5404971428571429 0.4428409523809524 0.45933999999999997 0.4406361904761905 0.45915714285714293 0.4532495238095239 0.5404971428571429 0.4542180952380953
1 0.44377000000000005 0.48116761904761907 0.44392999999999994 0.4658676190476191 0.369625 0.46412476190476193 0.36854785714285715 0.47986000000000006 0.44377000000000005 0.48116761904761907
1 0.5093114285714285 0.5192780952380953 0.5095628571428572 0.5012952380952382 0.3699514285714286 0.49892285714285717 0.3694671428571429 0.5167276190476191 0.5093114285714285 0.5192780952380953
1 0.5811585714285714 0.5476466666666667 0.5816771428571428 0.5341419047619048 0.36864642857142854 0.5302419047619049 0.368695 0.5435504761904763 0.5811585714285714 0.5476466666666667
1 0.459725 0.5598695238095239 0.45983571428571424 0.5469361904761906 0.3689728571428571 0.5450314285714286 0.36834142857142854 0.558024761904762 0.459725 0.5598695238095239
1 0.3689078571428571 0.5804961904761905 0.49024214285714285 0.5823371428571429 0.4898121428571428 0.5686 0.3692985714285714 0.5663457142857143 0.3691035714285714 0.5672228571428571 0.3689078571428571 0.5804961904761905
1 0.36836071428571426 0.5943466666666667 0.4744978571428572 0.595869523809524 0.47455428571428565 0.5832638095238096 0.3692985714285714 0.582004761904762 0.36913214285714285 0.5814714285714285 0.36836071428571426 0.5943466666666667
1 0.4606285714285714 0.6280990476190478 0.46068571428571425 0.6062466666666667 0.3663628571428571 0.6054933333333334 0.3657407142857143 0.6271457142857144 0.4606285714285714 0.6280990476190478