0 0.92320625 0.7776203125000001 0.9228166666666666 0.755615625 0.7490104166666666 0.786665625 0.7471208333333333 0.8131796874999999 0.92320625 0.7776203125000001
2 0.1658125 0.5543640625 0.16510625 0.5273640625 0.12597708333333332 0.529921875 0.12863125 0.5583046875 0.1658125 0.5543640625
2 0.16099791666666666 0.5141796875 0.15942708333333333 0.48906406249999995 0.12460624999999999 0.48986875 0.12687291666666667 0.5158437499999999 0.16099791666666666 0.5141796875
2 0.15630208333333334 0.4473890625 0.12210194353714499 0.44980074346154747 0.12024791666666665 0.4507171875 0.12269583333333331 0.4775203125 0.15845625 0.4739578125 0.15630208333333334 0.4473890625
2 0.11950833333333333 0.43505312500000004 0.15569375000000002 0.4337578125 0.15430833333333333 0.40595625 0.11776041666666666 0.40668437500000004 0.11722916666666668 0.41107187500000003 0.11950833333333333 0.43505312500000004
2 0.15394583333333334 0.3941375 0.15155416666666666 0.36551875 0.11639166666666667 0.36560468749999997 0.11787916666666667 0.39501718750000003 0.15394583333333334 0.3941375
2 0.1502333333333333 0.350709375 0.14877083333333332 0.3229078125 0.11365208333333332 0.32144531249999997 0.11332083333333332 0.35071093750000004 0.1502333333333333 0.350709375
2 0.1482625 0.3093515625 0.14923541666666665 0.279853125 0.1095375 0.27873749999999997 0.11036874999999999 0.309009375 0.1482625 0.3093515625
2 0.109125 0.26377656250000003 0.14461041666666666 0.26470781250000003 0.14347499999999996 0.23741249999999997 0.108175 0.23517812500000002 0.10774583333333335 0.2369390625 0.109125 0.26377656250000003
2 0.14474166666666666 0.224025 0.14474166666666666 0.19341250000000001 0.10543749999999999 0.189990625 0.10641666666666665 0.221459375 0.14474166666666666 0.224025
2 0.09882291666666668 0.1753875 0.14671874999999998 0.1790890625 0.14614375 0.1484640625 0.09722083333333333 0.14377656249999998 0.09829791666666667 0.14527812499999998 0.09882291666666668 0.1753875
2 0.09567708333333333 0.1300640625 0.14426041666666667 0.1335296875 0.14258541666666666 0.10247031250000001 0.09585208333333332 0.0965359375 0.09516041666666666 0.09693125 0.09567708333333333 0.1300640625
1 0.24980416666666666 0.5489375 0.51400625 0.5305640625 0.513225 0.5047421875 0.24921458333333332 0.52170625 0.24882083333333332 0.5255046875 0.24980416666666666 0.5489375
1 0.6772145833333333 0.517321875 0.9180604166666665 0.49946250000000003 0.9162583333333332 0.4809875 0.6778062499999999 0.49603125 0.6777249999999999 0.4977078125 0.6772145833333333 0.517321875
1 0.17120416666666666 0.5143734375 0.44455833333333333 0.49996718749999997 0.44351874999999996 0.4760140625 0.168425 0.48884218749999997 0.16834375000000001 0.49022812499999996 0.17120416666666666 0.5143734375
1 0.5015520833333333 0.49280468749999995 0.7180187499999999 0.4809609375 0.7180187499999999 0.46360156249999995 0.5011666666666666 0.4734375 0.5015520833333333 0.47685468750000004 0.5015520833333333 0.49280468749999995
1 0.9547333333333332 0.4676234375 0.9550687499999999 0.45171406249999996 0.7668104166666667 0.46008750000000004 0.7661041666666667 0.4774640625 0.9547333333333332 0.4676234375
1 0.16529166666666667 0.47301875000000004 0.3653708333333333 0.46817343749999996 0.3653708333333333 0.4426 0.16568541666666664 0.448790625 0.16213541666666667 0.4517546875 0.16529166666666667 0.47301875000000004
1 0.5029625 0.4588765625 0.71950625 0.4512203125 0.7187479166666667 0.433053125 0.5025354166666667 0.4416015625 0.5034895833333334 0.4450796875 0.5029625 0.4588765625
1 0.9081645833333333 0.44100312500000005 0.9081645833333333 0.4253234375 0.7722895833333333 0.43030468749999995 0.7734208333333333 0.44704062499999997 0.9081645833333333 0.44100312500000005
1 0.4453729166666666 0.42761562499999994 0.4451979166666666 0.40424531249999995 0.16568541666666664 0.41079218749999996 0.16776666666666668 0.433053125 0.4453729166666666 0.42761562499999994
1 0.16691249999999996 0.39175625 0.40117499999999995 0.392475 0.4004083333333333 0.36681875 0.16431666666666667 0.367659375 0.16519583333333332 0.3688359375 0.16691249999999996 0.39175625
1 0.40059166666666657 0.3536890625 0.39998541666666665 0.33160625 0.16157916666666666 0.32760625 0.16414166666666666 0.35124062500000003 0.40059166666666657 0.3536890625
1 0.15541666666666665 0.26718281250000003 0.41907291666666663 0.27723125 0.41973749999999993 0.248840625 0.15473125 0.2403125 0.15502916666666666 0.24377343749999997 0.15541666666666665 0.26718281250000003
1 0.15455833333333333 0.2250828125 0.36194375 0.2365671875 0.3620333333333333 0.2094328125 0.1533625 0.1982078125 0.15362291666666666 0.2018203125 0.15455833333333333 0.2250828125
1 0.6501895833333333 0.2498484375 0.8428249999999998 0.25979375 0.8422562499999999 0.237796875 0.6490520833333333 0.2259359375 0.6505041666666667 0.228840625 0.6501895833333333 0.2498484375
1 0.15434166666666665 0.1798953125 0.3550729166666667 0.19248437499999999 0.3540145833333333 0.1660671875 0.1533625 0.1530203125 0.152575 0.15443437499999998 0.15434166666666665 0.1798953125
1 0.6527645833333333 0.213459375 0.8403562499999999 0.2265984375 0.8407083333333333 0.20512031249999998 0.6517895833333333 0.19101875 0.6524125 0.1936765625 0.6527645833333333 0.213459375
1 0.15199791666666668 0.13658281249999998 0.4100583333333333 0.1562265625 0.40972291666666666 0.12900625 0.15199374999999998 0.1098875 0.14919374999999999 0.10478281250000002 0.15199791666666668 0.13658281249999998
1 0.8782229166666667 0.1960171875 0.8778874999999999 0.173971875 0.6534104166666667 0.1541578125 0.6537541666666666 0.17609687499999999 0.8782229166666667 0.1960171875